0000.jpg 0001.jpg
2111 1455
2774 3386
3084 4482
3110 1319
3474 2604
3619 1221
4060 2634
4346 1262
5745 4429
5964 4480


0022.jpg 0023.jpg
51 214
95 196
212 1659
303 234
388 1686
1015 1733
1154 1740
1156 1988
1159 1746
1636 1707


0029.jpg 0030.jpg
412 54
1111 66
1127 62
1636 2299
1637 2229
1843 1651
1884 2381
1920 1730
1986 1687
2012 1774
2218 2295
2262 1765
2273 2340
2299 1855
2561 2348
2569 2349
2586 2354


0040.jpg 0041.jpg
72 100
138 161
164 88
169 169
173 375
230 420
232 372
243 417
278 368
284 430
285 369
288 370
292 435


0041.jpg 0042.jpg
9 61
103 894
109 633
110 420
121 146
185 742
249 568
279 899
281 1967
319 2283
436 2284


0044.jpg 0045.jpg
1558 547
2313 839
2467 1352
3367 1577
3455 1472
3460 1570
3469 1825
3486 2320
3488 2311
3492 1765
3493 1591
3496 1572
3512 1456


0106.jpg 0107.jpg
87 367
115 435
472 389
1412 437
1574 501
1670 473
3189 3434
3386 686
3471 4168
3489 3268
3592 2561
3677 2501
3776 3293
3989 3270
4184 3486
4190 3475
4233 3499


0108.jpg 0109.jpg
90 1410
170 2198
1895 1815
2223 4030
2249 988
2487 2671
2491 1613
2495 974
2678 4451
2840 4487
3592 2869
3649 4868
3816 4538
4021 4856


0000.jpg 0037.jpg
12 699
17 787
18 1272
20 712
29 715
39 717
57 794
58 795
61 681
69 684
116 742
125 542
202 817
244 798
428 1120
473 814
820 851
916 620
922 829
1097 1178
1156 808


0000.jpg 0143.jpg
2285 1190
2310 580
2396 304
2517 566
5660 2554
5907 2815
6265 3012
6314 2865
6399 2847
6411 2867


0005.jpg 0025.jpg
22 944
37 170
42 1879
44 1313
57 641
96 502
138 945
164 1174
200 907
307 955
324 953
654 1039
4602 3298


0005.jpg 0162.jpg
312 531
806 631
808 443
1020 451
2160 1025
2180 689
2906 734
3027 789
3101 726
3148 697
3217 771
3243 730
3278 735
3394 743
3633 655
3644 654
3645 539
3725 686
3765 760
3838 787
3850 766
3863 786
3932 763
3933 777
3935 666
3942 758
3952 835
3995 1197
3998 796
4029 662
4060 674
4298 778
5639 886


0005.jpg 0164.jpg
22 752
37 3
41 201
430 16
472 122
570 478
594 382
595 377
674 816
686 791
767 1055
789 714


0010.jpg 0051.jpg
27 536
31 549
1703 588
2149 839
2604 552
2621 899
2704 1429
3741 1837
4033 1404
4201 1555


0015.jpg 0169.jpg
27 300
50 1652
111 562
142 136
148 207
185 387
278 161
390 977
851 500
884 618
1709 627
2109 861
2185 828
2798 834
3179 865
3392 890
4308 3350
4430 2950


0020.jpg 0023.jpg
9 9
10 0
49 15
130 72
146 2338
154 25
335 5
492 2344
1020 2690
1876 2330
1883 2575
1897 2577
1963 2339
4861 2849


0020.jpg 0047.jpg
34 246
148 239
272 321
392 313
550 229
588 165
1003 204
1020 196
1351 202
1504 332
1963 341
4786 595


0020.jpg 0071.jpg
39 1186
43 1065
82 1214
141 1593
142 1057
190 2038
272 1520
373 1484
440 1623
817 1673
923 2080
1020 1722
1171 1909
1285 1918
1534 1927
1876 1931
1883 1907
1897 1751
1900 1932
1963 1710
2327 332
4650 180


0020.jpg 0084.jpg
39 2173
82 2012
90 2327
238 1001
239 893
668 980
688 1397
715 2283
1150 1393
1537 2906
3892 2789


0020.jpg 0128.jpg
423 425
487 2179
540 457
557 515
616 3455
652 1993
688 779
791 2081
818 2321
874 2319
897 2143
1162 2121
1207 2167
1212 2085
1271 2199
1783 1684
1881 2216


0020.jpg 0131.jpg
10 1001
190 1095
452 1272
492 1188
550 1249
590 2061
613 1434
817 3618
1020 3540
1165 2204
1271 3140
1372 3240
1537 3624
1876 3588
1883 3371
1963 3418
3033 3182
3646 3481


0020.jpg 0132.jpg
10 2473
34 2394
69 2044
80 2011
141 2361
146 2636
452 2255
492 2215
550 2584
817 2291
1883 2132
1897 2214
4857 2785


0020.jpg 0151.jpg
10 1394
39 1420
80 1255
122 1321
198 1160
440 1230
599 1210
923 1081
1202 1043
1372 1112
1883 1502


0020.jpg 0182.jpg
272 3468
346 3077
355 2534
452 2632
817 2660
1020 3209
1285 2945
1876 3746
1963 3862
3225 3162


0020.jpg 0195.jpg
100 172
147 16
158 1119
298 1079
378 1183
502 763
510 1118
644 1092
1203 1157
1271 1447
3646 2824
3868 3204
4796 2411


0025.jpg 0048.jpg
2191 327
2663 372
3027 414
3144 343
3205 382
3252 344
3267 354
3292 304
3344 447
3587 884
3594 871


0025.jpg 0133.jpg
1408 2124
1892 661
3144 2270
3252 2241
3344 3246
3415 2290
3487 2808
3544 2824
3586 2970
3587 2868


0025.jpg 0198.jpg
1505 633
1665 757
1789 754
2191 595
2344 745
3344 2866
3415 778
3587 3204
3588 3110
3594 3980


0030.jpg 0038.jpg
390 272
543 385
672 286
780 271
996 324
1019 427
1075 370
1108 333
1134 356
1158 292
1219 425
1795 368
1808 317
2298 502
2346 494


0030.jpg 0044.jpg
543 2780
780 1092
996 1214
1019 1419
1219 210
1509 209
1701 211
2192 1762
2298 192
2342 1411
2346 1410
2379 208
2383 2842
2386 1770


0030.jpg 0047.jpg
9 5
543 597
855 722
902 438
962 650
1019 719
1108 670
1201 757
2347 1042
2386 916
2392 921


0030.jpg 0064.jpg
0 80
543 7
672 347
780 442
855 1
962 313
1091 289
1108 645
1191 297
1203 307
1808 2989


0030.jpg 0068.jpg
270 9
390 40
543 140
758 243
829 272
888 336
1021 414
1075 285
1132 482
1134 264
1201 247
1203 276
1219 279
1617 494
1701 489
1808 204
2210 3814
2298 4014
2327 4078
2329 4319
2346 4016
2347 4228
2379 1553
2383 3992
2384 3819
2386 3958


0030.jpg 0085.jpg
270 1413
390 1098
543 1398
672 1201
780 1399
848 1440
855 1395
888 1205
915 1914
962 1346
996 1358
1021 1410
1075 1441
1108 1350
1132 1456
1201 1789
1219 1412
2286 1838


0030.jpg 0091.jpg
543 561
962 597
1198 377
1201 646
2192 813
2210 648
2298 897
2335 1031
2342 1066
2347 1036
2379 647


0030.jpg 0094.jpg
270 1053
543 1252
915 1074
962 1927
1021 1041
1075 1936
1108 1081
1134 1045
1191 915
1203 1062
1219 1944
1701 1277
1793 1929
2192 1928
2376 1912


0030.jpg 0095.jpg
270 1715
543 81
962 79
1132 1840
1203 1955
1219 1891
1701 2057
2298 2610
2327 2941
2342 2950
2347 2690
2384 2298
2386 2361
2392 2438


0030.jpg 0104.jpg
35 62
962 717
1075 478
1108 349
1219 397
1429 360
1509 370
1808 365
2211 378
2376 373


0030.jpg 0108.jpg
390 579
758 784
780 650
903 802
915 834
962 535
966 638
1019 483
1021 839
1075 470
1108 1535
1131 1649
1795 2020
2386 1571


0030.jpg 0120.jpg
0 38
543 199
855 213
1075 2744
1201 2832
1203 2788
1795 2873
1808 1590
2298 2698
2327 3325
2379 2796


0030.jpg 0129.jpg
270 73
543 434
888 351
903 307
962 458
1075 448
1132 474
1158 524
1219 447
1808 480
2376 1263


0030.jpg 0136.jpg
390 1706
848 1683
888 1516
966 1681
1021 767
1075 1654
1147 733
1203 1705
1293 1326
2329 1709
2346 1691


0030.jpg 0146.jpg
270 812
543 212
706 1180
962 1158
1203 1272
1219 1279
2298 1656
2329 1534
2342 1182
2346 1175
2384 1636


0030.jpg 0156.jpg
543 396
962 163
1019 563
1075 2311
1211 767
2298 3705
2329 3703
2342 3701
2346 4024
2347 3685
2376 3070
2384 3140


0030.jpg 0182.jpg
0 15
270 1099
543 114
672 1024
758 1067
1019 1109
1021 1275
1131 1173
1219 1441
1231 1452


0030.jpg 0195.jpg
543 2251
962 2384
1075 2501
1108 1921
1132 1787
1134 1789
1135 1812
1201 2670
1203 2690
1793 2669
1795 2675
2192 2677
2379 2673


0035.jpg 0044.jpg
571 434
865 1100
896 1096
921 1024
946 1127
1096 1122
1150 1136
1151 1106
1324 1423
1325 1411
1397 182


0035.jpg 0055.jpg
450 34
896 56
1146 66
1151 65
1489 35
1743 47
2218 59
2292 93
2408 1116
2924 108


0035.jpg 0078.jpg
146 1219
450 1212
865 730
896 1307
1096 1317
1107 1323
1146 1230
1149 1322
1397 1331
1743 1406


0035.jpg 0106.jpg
146 517
277 283
450 281
1096 265
1149 399
1150 445
1397 845
1743 288
1897 429
2924 977


0035.jpg 0122.jpg
277 5001
571 5031
789 5633
859 5101
896 5084
946 5061
1151 5431
1174 5691
1233 5048
1473 5483
1518 5475
1569 5673
1743 5692
2408 5701


0035.jpg 0171.jpg
277 32
450 37
896 17
1096 49
1107 47
1150 73
1398 114
1569 142
1743 91
1897 168
2798 50


0035.jpg 0172.jpg
63 291
78 117
146 292
272 280
1096 290
1149 332
1150 319
1151 294
1325 334
1398 349
1569 309
1743 286
1897 342


0040.jpg 0042.jpg
24 10
32 29
100 9
109 18
121 54
142 27
172 28
238 21
268 26
288 25


0040.jpg 0079.jpg
24 245
46 1385
51 238
60 277
100 237
105 1380
121 1383
238 1378
276 1376
285 1391
289 1382


0040.jpg 0085.jpg
32 336
53 1
63 0
64 154
118 251
156 344
182 362
213 343
217 385
219 401
274 857
284 848


0040.jpg 0093.jpg
0 1422
1 679
5 716
9 706
28 931
32 970
37 1158
38 1539
39 759
46 2912
47 753
49 2823
54 1588
55 1061
71 1034
73 2694
89 3147
122 3042


0040.jpg 0094.jpg
0 54
22 67
32 179
47 103
48 68
49 640
51 215
95 950
165 1215
251 639
267 1062
288 1066


0040.jpg 0101.jpg
0 94
55 432
59 448
63 790
64 807
68 784
70 756
75 781
77 457
78 697


0040.jpg 0109.jpg
0 157
52 2252
79 164
184 278
224 1435
226 1434
227 1171
242 2133
245 2010
256 1351
257 1352
272 1678
273 2257
287 1110


0040.jpg 0124.jpg
0 98
24 323
32 769
46 468
51 275
58 977
61 978
62 871
81 2243
82 1020
88 1091
92 2124
100 946
107 2121
108 406
112 967
113 485
117 2081
118 862
119 1989
127 482
142 658
152 477
153 765
159 460
166 763
171 479
172 324
231 958
288 2273
289 764


0040.jpg 0125.jpg
1 40
5 926
23 42
24 97
28 45
47 289
52 901
55 282
95 345
121 245
172 348
223 1586
238 325
259 292


0040.jpg 0130.jpg
23 12
27 927
29 206
32 19
36 81
40 77
43 11
47 20
49 79
53 78
67 698
70 736
71 841
79 213
82 1204
91 956
93 1006
95 745
100 933
101 727
106 1225
111 790
112 913
113 1178
116 813
117 1302
121 781
124 1306
129 1272
130 2403
134 970
137 860
142 852
148 998
150 981
151 1130
156 1848
160 2204
162 1335
163 750
167 1733
168 776
170 1319
172 1026
222 1056
224 1344
225 836
238 1675
241 1054
269 875
275 2225
276 1024
277 1126
278 1315
289 1616


0040.jpg 0155.jpg
0 2144
20 1837
23 2149
32 1999
39 1696
55 2370
59 1804
63 2591
65 2618
94 2652
288 3967


0040.jpg 0157.jpg
1 1206
53 1177
60 1172
152 4024
174 4022
183 2792
196 3061
209 2791
217 3440
221 3123
228 4020
231 3964
235 3924
236 3867
243 3946
258 3117


0040.jpg 0164.jpg
67 1573
71 1502
82 1270
86 435
112 1289
157 1406
208 1585
216 1057
221 1528
228 1587
230 1571


0040.jpg 0174.jpg
1 31
12 15
25 14
26 566
36 21
37 920
41 84
48 538
49 29
53 977
95 947
227 1357
230 1185
236 1198
237 1336
249 1337
258 1480
281 1331
288 1332


0045.jpg 0057.jpg
588 989
1299 994
2081 1253
2408 1274
2430 1311
2463 1324
2491 1613
2494 2253
2500 2256
2509 2383


0045.jpg 0142.jpg
1273 3280
1299 3259
1444 3284
2065 3260
2081 3297
2270 4192
2408 4097
2482 5211
2491 4035
2494 5237
2511 4080


0045.jpg 0153.jpg
194 87
318 408
358 506
486 279
801 1428
845 1271
1050 1069
1287 411
1336 1258
1444 634
1472 608
1550 504
2503 2355


0045.jpg 0155.jpg
123 488
2270 229
2376 3155
2408 217
2463 3174
2489 3745
2491 3694
2505 3759
2508 3791
2510 3648


0045.jpg 0159.jpg
588 2423
2065 2277
2270 2358
2340 2360
2395 2448
2408 2430
2446 2717
2457 2952
2476 2492
2489 3249
2511 2590


0045.jpg 0162.jpg
283 158
1025 1071
1287 1154
1293 962
1299 1144
1321 1078
1322 1049
1374 1142
1444 1160
1462 1179
1509 1076
2065 1220
2081 1226
2088 1225
2270 1227
2446 1193


0050.jpg 0068.jpg
1265 372
1624 3933
1764 3483
1809 3961
1819 3765
1825 3913
1827 3535
1829 3869
1830 3590
1862 3884
1863 3966
1865 3682


0050.jpg 0100.jpg
324 57
1310 1302
1462 1945
1562 3508
1563 3824
1566 3513
1570 3512
1572 3534
1584 3536
1588 3291
1590 3506
1592 3510
1595 1060
1603 2506
1607 3497
1617 2843
1648 2861
1721 3522
1776 3737
1809 3831
1810 3806
1812 3792


0050.jpg 0141.jpg
1293 1285
1430 191
1463 220
1595 1833
1603 1810
1604 1938
1605 1824
1617 1841
1618 1607
1624 2026
1639 2188
1670 1885
1671 1275
1682 2205
1691 2174
1702 2332
1711 1953
1712 2264
1716 2036
1729 2378
1738 2280
1763 2547
1773 2173
1793 2253
1801 1512
1809 2230
1814 2590
1816 2476
1825 2594
1828 2477
1829 2604
1830 2338
1834 1359
1838 1750
1848 2598
1849 1685
1851 2025
1853 1567
1856 1505
1859 2203
1861 2434
1865 2229
1873 2373


0050.jpg 0144.jpg
1595 1961
1605 1958
1618 2637
1702 2592
1706 2512
1830 2754
1843 2440
1852 2720
1867 2523
1873 2621


0050.jpg 0165.jpg
38 176
91 190
310 231
1379 1019
1623 1185
1631 1323
1716 1542
1787 1861
1795 1806
1825 957
1836 286
1838 1316
1849 974
1851 214
1852 225
1853 1516
1862 1514
1867 1735


0050.jpg 0172.jpg
1595 12
1605 23
1610 820
1633 1173
1714 1505
1743 1545
1744 1576
1763 1298
1768 1454
1782 1224
1787 1478
1800 1358
1839 1548
1858 1604
1864 1546


0050.jpg 0180.jpg
1591 1876
1626 1948
1706 1872
1828 1875
1836 3054
1843 1899
1856 2524
1862 2924
1869 2410
1873 2011
1874 2003


0055.jpg 0106.jpg
87 279
295 298
312 395
399 616
446 30
607 424
688 256
1025 617
1100 11
1118 558
1126 106
1141 277
1285 790
1295 31
1300 10
1301 136
1304 359
1320 251
1321 275
1323 62
1390 772


0055.jpg 0150.jpg
1284 2985
1535 698
1559 1284
1585 1927
1629 3070
1631 2226
1640 3603
1648 3152
1681 3011
1689 1246
1697 3307
1708 2191
1714 2948


0055.jpg 0162.jpg
295 7
650 789
703 719
856 241
1077 1129
1115 1335
1299 1333
1300 1334
1439 1134
1525 1188
1536 1178
1630 1350
1633 1344
1679 1351


0055.jpg 0163.jpg
1093 62
1109 43
1124 11
1143 146
1288 8
1309 10
1360 33
1382 168
1432 237
1635 728


0055.jpg 0165.jpg
446 1395
1194 1876
1299 1873
1324 1589
1329 1833
1331 1875
1418 1885
1463 1813
1577 1475
1630 1917
1634 1587
1648 1828
1692 2333
1714 1856


0060.jpg 0181.jpg
1326 2259
1582 4196
1645 4210
1731 3604
1866 3976
1870 3988
1874 4077
1899 4000
1910 4076
1937 3221
1940 4190
1941 4219
1949 4072
2010 4131
2076 4008
2094 4266
2115 4218
2116 4140
2127 4212
2137 4110
2167 4319
2176 4244
2228 4172
2268 4215
2269 4227
2300 4309
2325 4355
2342 4410


0060.jpg 0196.jpg
1723 1589
1940 912
1970 1824
2138 3112
2195 3292
2212 2784
2237 2566
2239 2766
2272 2824
2356 3151
2402 1866


0065.jpg 0118.jpg
41 262
821 3492
934 3513
957 3495
961 3432
963 3470
969 3565
983 3505
1164 3280
1443 3359
1461 4090
1528 3552
1802 3688
1957 3755
1983 3541
1985 4100
2234 3961
2352 4018
2378 4221
2380 4986
2385 3866
2386 4929
2391 4017
2449 5055


0065.jpg 0165.jpg
30 95
63 630
102 763
104 402
453 654
800 1204
873 886
957 1054
1155 1092
1196 1099
1891 1097
1983 1286
1986 1195
1988 1196
1999 1264
2334 1135
2380 1219
2386 1202
2427 1448
2444 1316
2449 1252
2484 1707


0065.jpg 0168.jpg
10 153
45 146
61 255
70 168
81 240
1986 934
2033 464
2301 3949
2337 3926
2338 3939


0070.jpg 0155.jpg
5 26
24 120
28 180
29 35
187 59
303 91
1630 984
2581 157
2620 267
2650 440
2697 4
2710 67
2711 216
4324 3725


0070.jpg 0171.jpg
351 114
394 142
3667 1132
3671 1126
3677 1129
3898 1450
3924 1194
4031 1229
4120 1468
4167 1511
4242 1273
4324 1352
4379 1399


0085.jpg 0184.jpg
2328 2706
3034 5158
3290 2914
3303 5151
3409 2963
3574 5136
3600 4416
3815 4457
3937 4342
4118 2989
4142 4375
4175 5155
4350 4973


0090.jpg 0194.jpg
2197 4458
2411 478
3037 4277
3107 4258
3112 4260
3124 4220
3135 4329
3159 3119
3163 4395
3166 4413
3174 4479
3203 4438
3213 4262
3239 4498
3241 4398
3252 4261


0095.jpg 0187.jpg
19 2908
51 2147
52 1858
3698 7286
3735 7264
3838 6371
3849 7272
3904 6269
3938 7297
3949 7274


0100.jpg 0187.jpg
1097 1037
1133 1574
1222 1026
1522 1685
1702 2157
1713 2409
1871 2540
2186 2153
2620 2208
2801 2028


0105.jpg 0156.jpg
69 1262
2294 1356
2355 1804
2385 2174
2916 1871
3043 2386
3169 2296
3440 2612
3446 2618
3479 2575
4057 2629
4167 2795
4208 3990
4214 3987


0105.jpg 0180.jpg
1 2013
4 41
7 2023
35 3007
2895 3516
2969 1193
3009 1339
3166 1355
3230 3469
3443 2005
3495 4156
3585 2012
4376 4149
4382 4132


0110.jpg 0119.jpg
0 267
37 232
1865 1670
1869 274
1893 2045
1929 1569
1949 281
2101 15
2110 160
2111 10
2171 138
2208 172
3151 1703
3535 2717
4833 4039
5240 2719


0110.jpg 0193.jpg
37 872
1704 883
1982 985
2070 762
2122 236
2241 848
2643 927
3057 817
3196 916
3239 826
3301 1024
3363 911
4289 3438
5302 5136


0115.jpg 0162.jpg
344 426
3238 1002
4751 168
4794 273
4921 342
4928 281
5031 265
5178 418
5345 264
5405 441
5771 170
5857 297
5938 471
5952 428


0115.jpg 0195.jpg
2245 2809
3591 2659
4765 2903
4861 2869
4909 2845
4918 2830
4920 2881
4998 2570
5057 2873
5164 2968


0120.jpg 0131.jpg
53 55
897 95
1908 3040
1921 3091
1959 293
1979 3269
1983 3115
2061 3244
2155 3151
2237 3368
2404 3501
2414 3442
2474 3480
2621 3547
2851 3494
2923 3530
2949 3931
2995 3495
3030 3483
3067 3610
3231 3634
3239 3481
3336 3853
3350 3894
3444 3901
3511 3476
3582 3484
3685 3895
3740 3899
3869 3898
3938 870
4252 3200
4299 3301
4682 3211
4789 3851
4803 3304
5042 3845
5086 3884
5133 3772


0120.jpg 0195.jpg
37 1392
101 1351
183 1572
633 1835
1090 1758
1181 2124
1842 1845
1877 1939
1983 2060
2130 2036
2237 2017
2621 2053
2636 2269
2780 2169
2949 1688
2966 2307
2969 1661
2995 2246
3604 1996


0125.jpg 0185.jpg
1069 3840
2155 4085
2486 4609
2594 5113
2630 4084
2638 4733
2704 4086
2859 5098
2869 4736
2889 4683
2905 4270
2911 5031
2922 4790
2947 4950
2971 4318
2991 5084
3005 4151
3048 4094
3078 4188
3150 4659
3188 4965
3393 4962
3418 4731
3419 4753
3491 4969
3497 5114
3537 5011


0130.jpg 0170.jpg
3 468
7 67
35 649
39 912
44 88
50 252
51 979
60 527
200 756
1471 1567
1833 1599
1996 878
2000 903
2050 881
2208 2292
2529 3015
2692 2411


0130.jpg 0176.jpg
44 1794
106 1908
220 1574
228 1666
230 1736
276 1894
278 2145
282 1457
528 2259
531 2198
857 2369
1232 2172
1693 1651
2558 2012


0135.jpg 0156.jpg
464 2630
1419 3143
1767 3901
1779 3841
1818 3896
1836 3898
1860 3911
1935 3931
2043 3909
2486 3942
2622 3973


0135.jpg 0186.jpg
330 351
394 1136
448 294
463 1181
515 1491
573 1066
588 1172
856 1587
870 1044
1107 1720
1118 1530
1131 1681
1162 863
1438 1307
1464 1043
1558 2048
1594 1529
1636 1556
1665 2280
1669 1492
1670 2513
1689 1606
1751 4900
1759 3948
1764 2105
1814 5318
2955 3236


0145.jpg 0153.jpg
19 68
40 626
260 279
384 86
459 328
499 536
524 330
555 621
635 225
677 426
831 700
930 69
949 1236
1126 235
1140 1296
1141 175
1368 781
1371 1519
1410 641
1451 728
1545 1421
1642 1635
2103 1094
2127 1234
2177 1750
2181 428
2199 942
2214 1258
2248 1202
2279 1177
2306 411
2309 763
2314 1648
2318 858
2325 1453
2425 1290
2431 712
2443 427
2444 913
2452 1441
2457 1727
2482 321
2490 506
2513 586
2532 702
2549 589
2551 1491
2560 1494
2615 581
2681 584
2771 1556
2777 1303
2808 1618
2909 998
2916 1609
2938 829
3021 1621
3046 1789
3055 1793
3087 1990
3358 1221


0145.jpg 0170.jpg
192 424
1174 1061
1715 1141
2470 3005
2808 3015
3055 3030
3087 3021
3194 3034
3286 2927
3358 3036
3466 3026


0145.jpg 0171.jpg
208 874
807 331
912 1241
1052 844
1126 963
1649 1120
1716 1434
1759 978
1802 1240
1889 1335
1890 1425
1898 1415
1923 1405
1956 1026
2214 1321
2247 1395
2325 1275
2329 1458
2333 1314
2443 1272
2446 1454
2590 1253
2594 1349
2681 1229
2808 1686
2909 1400
3046 1687
3087 1643
3126 1486
3163 1448
3263 1625
3286 1634
3358 1261


0150.jpg 0174.jpg
304 266
552 395
1144 664
1145 1334
1470 1194
1543 1220
2086 1271
2186 1315
2594 1364
2691 1417
2695 1243
2901 1228
2993 1369
3055 1375
3089 1184
3198 1411
3275 1440
3393 1542
3395 1460
3414 1565
3418 1410
3530 1521
3531 1605


0150.jpg 0187.jpg
62 9
98 24
374 163
643 4876
692 2120
986 712
1166 1492
2337 5010
3530 7286
3554 7294


0150.jpg 0197.jpg
11 3737
14 1935
272 3740
276 3693
291 3757
299 3695
340 3798
859 3795
1329 2364
2376 3901
2560 3924
2691 3896


0155.jpg 0162.jpg
2510 828
2631 358
2635 903
2991 819
2994 887
3306 882
3459 895
3464 881
3735 883
3746 688
3807 1147
3860 1135
3921 1286
4045 1129
4089 1031


0155.jpg 0181.jpg
56 26
2510 667
2635 1571
3435 3400
3463 3422
3464 3351
3495 2432
3726 2540
3739 3129
3774 3269
3796 3260
3834 3363
3861 3278
3884 2945
3970 3360
4009 3343
4045 3447
4098 3376


0155.jpg 0182.jpg
37 2446
49 890
1413 3917
2647 3437
2838 3236
3117 3438
3169 3608
3208 3406
3382 3428
3392 3490
3430 3842
3451 3423
3466 3403
3530 5841
3600 3720
3646 3506
3662 5800
3716 3105
3743 3515
3765 3433
3830 3571
3997 5807
4041 6944
4077 6759


0155.jpg 0196.jpg
9 2116
56 2224
2487 2417
2864 2502
2994 2416
3343 2026
3358 2317
3997 3721
4050 3813
4081 3684
4089 3700
4102 3843


0175.jpg 0183.jpg
179 253
208 213
228 222
229 230
276 225
368 250
413 251
510 2154
579 2350
594 252
756 255
870 226


